47085807727228
80633974439492
29633443046139
21542921315865
69830696117081
20392259072741
38718544251529
96536201030112
39258837440215
17136060687136
09896999011352
57125279639795
25926259673368
74947820788596
99057660541941
77256070769068
49407284375914
80900877237636
75890715151276
56925268074729
62255531134051
82520385606996
71004306163514
45698941377448
80046487218790
23905741668946
42720109431764
47398666737415
52232362425323
65475728765202
11548103593623
73878687970717
84705071508178
66128588127882
21519062508578
32907856882430
16512393235738
30944418763850
78508631621131
95109954988532
44778700721663
94743062807638
40451750149610
08097333081369
21852644268887
44185361332980
85751808305314
72251275113944
88892573905559
55074867952145
49133907592730
13927614763152
79442831601573
61152299974008
68591823287108
51738533601530
63457249214170
72802858998552
89103473403535
82315999015901
84720484584226
80503015187107
35902417318901
70255508698183
86631433432904
87563121702655
45564542725346
64278409924304
84592914907180
52985620271713
36723455355936
65906765410768
36940056428675
50243883657811
46945816037477
05454905243569
71083174021708
18528399433237
06948180094839
67422543713818
91144865782893
86548333031275
35589290141856
81023336339026
81360812961280
96932637563470
88318789127874
99066236351925
46603404961475
86590595848641
38151418429178
99963843069646
46263979166853
38440378960571
90093321459963
66729549608288
17191238041164
22810172412536
21579389912236
76094885953826
39945015531035
29609972749989
11665367488876
30170191194131
98532290676336
12874460682717
17317867725845
12898511361328
23932643846094
89659337512508
82233508757202
60803015306988
15302516300599
99764501278590
45505910295675
68659598533087
64285294494141
39384065445481
49558732502112
99439058163428
28591955076694
07228201725435
23517772398755
88371909269667
39770749476130
05496115267725
00741734908639
41100468203343
10269492370898
53891334408538
88940094453059
52021342804900
11315922388988
02121226685972
48244391429065
64506651869283
53012581053617
75865541249860
25281615536451
52103153793140
23956727861248
19825651560849
61269486197820
26894808082113
99998316381650
35872162914193
69881117390997
44329172976425
91973225934497
14774635669243
50307035016945
70688068277059
02142537395655
70444436781801
89918721766274
65927557632975
02209158246588
38814467135866
48021365675529
46371416071173
26194428091319
23565615596804
68275076733195
75547884740806
47689304079207
38535061049912
03947949366741
11157711138182
56778712245438
23856683634339
45248313930522
83999066935402
56688761668062
95111509623808
18727398844186
14444405327556
94735089704687
47610813786306
85812880539923
85064032976603
75861381613532
18882266704694
87945884760182
11621373301447
93664670523280
54706035603462
99236343987742
03701611564355
10653789069201
78463105596453
81784651635980
98629543694607
28356042527354
37106268269540
65089710289969
40270343923322
18869535461236
28306194151208
52966446960024
46031872159606
61976128428947
06015286296614
14967825946184
22817450178587
35188735392585
11132989439303
12778254484833
90438027164061
20891208723336
22173583876518
43753759669946
89140178018966
42311838582783
48256449835107
91144391078162
98011184269760
92342832700034
50239179215090
27058465280113
79594282967116
71209142351589
39695217066604
73191522555051
04617601211822
88206912735610
89185105568065
88427242081243
88232100017753
18378745263963
77346161169276
20811177176794
59711053709227
98723501624935
68436214742209
80211064062078
61387813073120
89650290024634
43428296444611
10071740879597
34367044776284
83326444569894
57297135852283
96651777373208
11735547563208
13411029764875
71323400828635
84171926673273
94772794753840
74633287093817
06438399777488
90615291427873
90149326346916
74064597286350
86503981298366
33400873357477
94265406609478
48309664007084
24423168632875
50950893795051
86824013513593
90669706614793
92507450315772
44696209794756
76613817847376
68624320168944
80613001221328
48408278355932
43369078647659
83632024225415
39754086066980
95844429400486
04521567359942
24309844411495
33120920860387
75379607491591
35901879223214
20131388917126
36034981978203
65779947393700
74697141397096
80939609347813
96398855896181
17739959956783
70272196542332
57808555485414
64943396510194
57492095979349
43780626817235
38062025753779
41667097584730
40681700808787
64510614026929
84724117211696
86335108690683
72337166966973
09835487489866
72046300921130
05092079806941
92528233900555
68542242654018
66290666028943
20518459877981
31066146347679
57684154198443
46345661943181
60193915231560
18907582731356
39894674198745
23280173566890
80490500347804
67396217845189
13843371444405
71808532838235
67635192806104
71260106204147
87756585814839
10007643056061
80502316896790
95432749194344
45889969296471
32189235857029
33297638805898
74445380916156
17790010132449
34888481056382
54931856209736
00142935758132
65144846660336
71512233601027
35678927503314
00522959972799
52055062926762
65943947548754
19333588058977
12220128434333
35319163603413
34014559176489
84701567343559
95063487593865
30544967225872
79478369843422
66265294151604
52207346909589
70162160161845
24778922076953
21748764097573
17021623466881
59193437732278
60542260658997
27111598753281
92751094210923
10391494764869
18143181836871
07468194481446
69257523604803
18189444644803
31671540648837
97314961960531
34320445719958
04385915505234
42957311540765
58191304393252
23915132155636
89287924996679
33659843448535
89846221390894
35351098669120
92160767064594
77760375024994
08839034805776
89823322959694
89675607695379
19570267451222
75242731813534
06279111545194
75737474559796
07051982309449
87006497648205
66237562342276
28071492336939
24494586907558
98841773784704
15186750687900
92040954190637
54623770446014
61641174055351
43771548020141
13371420003637
15033772481132
61756701847852
46466407462301
52604972527549
84886724879256
19754348178189
19846091065505
34203263066764
94034697925665
48873215702346
52627436987002
42448336928814
05969630496835
63977813376115
05735606685074
50631468166323
80077646674228
70337343099948
37287196835331
95794929360820
19870421723638
90671722881472
91404422626492
13920587863666
87027897024225
51731222543957
51338123525295
82537574918946
16107413605074
54264608866120
25236336806460
31801268179971
67513349694098
24855070540229
88201160667769
39724846456784
03292913134744
87395392158302
53139182897281
36778414208591
92100452051552
57583319026962
32376638238113
79380143794076
35989367287327
42224329515331
90005818164072
79048178139076
96365496804713
09271401827658
86232636905483
63682504973528
88282981859345
04214100115909
39926230696118
24858400264019
81524736377278
38350947610711
38998381458376
21311684279520
67907632105152
16316219662502
29216932473807
02002928611701
86434497973859
45262115267862
32119323268515
75951339737582
01679348063354
56507037177153
56750823597531
10421994482559
12216619145128
67064047417573
25341349462025
84325965625439
68357814280474
34420102354589
57443802686998
20283875715948
18055569775988
77728479434572
63430039865367
26482953440150
72894616945028
96767916959129
74517961703415
23470656238741
49805724996196
22785737037540
17819652469869
99881463639841
45143177035478
01820901051217
64474939959743
80929897125789
43983267720830
21161456755170
65697134338697
35882372452891
16160453994391
67755240743273
37942629716730
35835046453345
55908127793868
60238017722289
21372824288281
01214591029111
51595791727279
96453123872325
96905085883397
55224587573662
79660860834679
23688082545977
37093334317769
87829651648569
78309921592728
81058624219700
16159044862603
88242942093063
25447493818100
02751078549743
62526198544727
99244039578630
11217496598933
90434557196178
65156669857696
70879824587835
42664948674844
56578569620760
85709644743419
56241364204439
40878682509929
81282449461818
51832708728770
65734562263233
87494021566145
84732482111171
44913187674052
01775899655569
36767171992329
48201822948389
91575250546114
78454479740306
97442085123453
96734458843996
38568058032490
67488890139445
36507051964157
61699989870237
82471160355796
33719200268560
54651326759849
53698485761674
60136575212003
41101770153483
80923764411102
12803464979146
06415905950944
68376965464219
89531036848377
48021893626342
46126410243180
54059042993372
47662211721655
30306839434684
77763349268832
03879383219940
50286715041666
18156132755196
47756242549722
54772000802989
16891264953425
18528650615321
80918279934761
01443667736780
02048178014627
11853389176923
83076722166336
18675663809187
10558248668835
62858307922537
87624149831909
90493179594911
98055691293063
55515568286682
79446847511099
78580633905288
27263396355701
70876810106606
60861162735404
22899984396116
72991720001463
06430167526509
29212457514498
47226438396349
63794784617192
61908119490927
09352825654226
65870277645399
94561137697588
88643052061834
02018642068689
62123939012591
72968218459231
88690398735539
29393897686738
72485101302536
41762120437572
01973322638126
01494948962620
70305778761023
75814460015234
46521445350166
50944351112073
66653799587996
75525654112502
58513068102333
02329646132074
45457753325379
71587387668127
59850957528588
81856613352999
91957766665296
25543995519952
38631825166276
38477070228594
25446640284219
29593637472339
06557806368865
99527401732879
02111139472010
69147842916343
05018767689866
26639241588395
26257645982924
79985965298737
61152763434035
41951203290189
78835353056705
59550774771436
97523613457412
82346642089744
83137783200377
62977033384966
61663280415089
37417091135649
09256250267380
37443154092113
34790366375003
32381385989001
42820458722140
96208544659963
75133251418606
32685238594826
89552891315873
16696969891417
60823972655143
11482936710060
22506953363293
11241490711310
77854357586265
26554800648249
46512412826503
64604745120793
58100049185170
87426907585974
09124462948960
08548086431453
66533658593197
95895242321537
16525778643436
16366568045122
97954730815445
11141333679981
12077595534084
75087169932316
46446835216724
69144434488991
68037890408322
41339985919597
68601771214682
58786818473430
99568207981651
70778134167029
96230546761475
50216089669296
72564675483800
25082552984857
54502065215380
09380877461778
83779258861507
93888461630655
63811921561686
35167480764184
78150904839267
14589819591329
02206686618218
29629457770475
94212882331619
84323517482905
92014952632441
08920979332182
53023041653606
68825545631661
95107095028685
37490663252660
09982048044703
64170656151098
29151941795349
09481897976463
62260999734179
12470818104795
64965090191965
15971923442898
44637298011792
07851946204749
24049751771640
03804668290598
29122910147364
44291890518052
07810546127146
25845378846232
68986525310651
46579164581787
30703460463046
03821757106657
76722585698909
52831674068147
54261695479748
76730763522293
21490897892840
77804351579276
01477051633539
94894917622629
24822249611643
97569303126929
98098981739094
89948941943782
85405630604345
56107804935840
70444089303547
49463440752896
78243888026939
83521340919974
11932348492210
56853426324791
94092608352004
07395753427968
91235416060479
92337687479451
08133782517655
29772411976022
11901868355137
66133128454963
85105006320051
09062639849963
50226628735657
68688097805739
99674252550506
74027408645987
96764534117705
25091350719093
88007189133381
88501809352685
29807865586587
74337045527474
09423075790419
79077430148045
85450095890821
38595619331831
82312415198799
01044596120836
46861235087053
69071660252563
27611471027423
25543833246242
79373667606890
31707939248517
95667004318617
99335392481971
10618086037468
87065494707686
65951406790512
00067846409897
74292921063344
69263193371098
94357397631457
20572374354162
19712481249443
75003709431417
44185227532260
25201284659358
01077284039567
30864991831385
54033856137026
52586113908914
34077427069677
04473107949132
08407870688055
47724202579854
63947508602969
13121369967348
01293191661475
59227926155463
11957167324291
04811414137381
80150915665921
63798918788488
54349573876452
65364595758728
54768809924695
48538208263590
74626867878202
33769042742672
56541622223370
63642864394011
03123994961057
10372614274420
37470052217455
65514553108071
77891116196666
74095630170468
51775536604424
85587175513312
64842690662249
04119575581815
95074977387032
92291596587533
75047191542987
44693290795485
55319219250451
86121161779554
64819108971907
41035631504524
17285049253172
08173876687030
37709043224742
42531355863868
27912741434384
87941553123827
19657366473983
89162086891038
46957597713569
68817391144290
04284936158847
12012897651120
98525661408876
30463415413502
05466219623654
31775073572592
47802318902799
65602167647111
81879837253176
41967227194923
07871918182848
37699974559874
66452851011669
28690332946282
12849632176915
92249381477364
95567448665528
08301994150387
14016323960657
72962102361339
81319754651008
11703992958290
90632186757519
57946579443252
40133674172094
55036099967206
40917388846510
87894723479711
70239797904215
76250999773298
92937827141465
22840328249790
82394000886449
91136117511234
27079424021645
92668933394785
83757688225085
46648515607529
22774981775669
95502830930476
24014776493540
82462385122529
73162511954154
79558968000040
02233515613980
11298282444652
85530740116878
31753572495112
03751168516348
39122875461024
36793087839016
78252765378254
58789919018613
24555491272649
16885023978981
77377556173016
41210012946095
07590123432489
59493860823740
70135033122340
88338511638558
69051869634776
21080566924037
88118180341033
45131409626150
29992495432777
23228860207930
43728062654457
25180228650132
50169313045535
56996368214386
25074123914849
99760052998000
84697496920791
45612222098076
72086327945234
36476712511958
77288433014390
21499503896064
71015555620031
93328666908543
16506196989327
92934605039111
24782427437156
98446948421751
82266374524646
91093253497003
34776594205399
47654638071961
91724649691500
32692777880320
33314266485680
99573787944241
57940226605251
13415109515612
11519239865914
25731553216420
91145435759463
27994067536666
46456753152275
70456896235135
66994215925700
11552202005772
82833094869393
45503349749758
10126459628207
07305048465531
95174329505638
86479493113424
19506824747910
91607840439372
77741717661193
72548845333209
29972129416490
55438125774371
47397893649346
49737892923841
10984512248129
72858646886761
63976361594113
65867262339459
54404387471653
66847299695485
80942158124416
99973447605533
40794855256981
40210174274765
98688435646066
81765736548938
40333236379450
64189212813037
40218734081436
05626418413346
41745817514463
90576037241649
56720171499369
78896853510349
54867056141071
12759084815577
70300097523765
80563839882462
20326942843658
02892008176511
48953094051068
71293280298754
73513481692610
33579724881389
60144622766678
02098743735884
